SAN JOSE;90;-8.81907000;-77.46168000
UNIDAD DE GESTION EDUCATIVA LOCAL POMABAMBA;1;-8.8194274;-77.458973
570;2;-8.70320000;-77.40970000
597;3;-8.80607000;-77.50084000
196;5;-8.81760000;-77.46048000
606;6;-8.79872000;-77.46666000
199;7;-8.82070000;-77.45714000
202 NORBERTO BRIATORE;8;-8.69440000;-77.43080000
207;9;-8.82095000;-77.48312000
605;10;-8.84490000;-77.52324000
609;11;-8.86372000;-77.44080000
208;12;-8.85781000;-77.43592000
213;14;-8.84214000;-77.44570000
612;15;-8.86726000;-77.47110000
611;16;-8.85231000;-77.45442000
218;18;-8.82265000;-77.46225000
231;19;-8.85945000;-77.42822000
603;20;-8.87752000;-77.42540000
607;21;-8.79004000;-77.43458000
232;22;-8.81674000;-77.44464000
233;23;-8.82761231;-77.44307896
598;25;-8.78993000;-77.51761000
599;26;-8.84879000;-77.52072000
234;27;-8.80744000;-77.48873000
235;28;-8.80740000;-77.47180000
237;29;-8.83396372;-77.49745561
258;30;-8.67930000;-77.41130000
259;31;-8.58950000;-77.38350000
600;35;-8.89956000;-77.43003000
265;36;-8.87029000;-77.43804000
601;37;-8.90512000;-77.48284000
266;38;-8.69822000;-77.39783000
269;42;-8.90358000;-77.40550000
602;43;-8.89441000;-77.40698000
561;45;-8.80952000;-77.43087000
562;46;-8.86355000;-77.42551000
604;47;-8.87628000;-77.41336000
564;49;-8.61220000;-77.39310000
565;50;-8.69010000;-77.42430000
566;51;-8.69360000;-77.38340000
586;53;-8.81691364;-77.45642972
108;55;-8.77265700;-77.52749670
107;56;-8.80780000;-77.46410000
106;57;-8.76392000;-77.51112000
104;60;-8.85060000;-77.43760000
103;61;-8.83410000;-77.45210000
593;63;-8.90165000;-77.45245000
592;65;-8.81034000;-77.49216000
594;69;-8.88910000;-77.42650000
595;70;-8.79611947;-77.49695596
060;71;-8.82522000;-77.45059000
082;72;-8.81087238;-77.47902000
058;73;-8.81250000;-77.49790000
059;74;-8.78321823;-77.51889830
505;79;-8.85864000;-77.46405000
506;80;-8.73238000;-77.55294000
507;81;-8.79810000;-77.43640000
508;82;-8.82070000;-77.49240000
510;83;-8.82953000;-77.45877000
511;84;-8.71190000;-77.41270000
512 URSULA IRENE GONZALES CHAUCA;85;-8.82070000;-77.45480000
509;91;-8.87447904;-77.46591704
84317;93;-8.69472300;-77.34452300
84309;94;-8.87736000;-77.42548000
84308;95;-8.85866566;-77.46395560
84301;96;-8.79904192;-77.46688756
84302;97;-8.85226357;-77.45449770
84300;98;-8.80525720;-77.50116017
84299;99;-8.65915200;-77.42043300
84298;77;-8.62140000;-77.35990000
84297;100;-8.66224241;-77.39707251
84296;101;-8.81340000;-77.46790000
84292;102;-8.60988838;-77.46195603
84291;103;-8.63920000;-77.39510000
84279;105;-8.83396372;-77.49745561
84253;76;-8.63279000;-77.36937800
84262;106;-8.90110000;-77.45310000
84252;107;-8.90250000;-77.42620000
84251;108;-8.86719565;-77.47136719
84234;109;-8.58830000;-77.38290000
84233;110;-8.80782984;-77.48997769
84219 JUAN VELASCO ALVARADO;111;-8.63531635;-77.46814534
84217;112;-8.76337780;-77.51044111
84218;113;-8.69351410;-77.38338223
84216;114;-8.90050000;-77.40310000
84162;115;-8.55798367;-77.37602674
84161;116;-8.59060000;-77.36870000
84091;117;-8.80054764;-77.53041483
84066;118;-8.88920000;-77.42670000
84064;119;-8.84470000;-77.52370000
84063;120;-8.73219398;-77.55288917
84062;121;-8.85890000;-77.42880000
84061;122;-8.77200031;-77.52750755
84059 EULOLIO ESCUDERO CALDAS;123;-8.90510000;-77.48230000
84057;124;-8.74493800;-77.52088800
84044;125;-8.60367497;-77.44584422
84043;126;-8.56513793;-77.36735531
84042 LIZBETH VERONICA SANCHEZ GAMARRA;127;-8.65150000;-77.40840000
84040;128;-8.60939631;-77.41243787
84038;129;-8.61260000;-77.39310000
84035;130;-8.71100000;-77.40500000
84034;75;-8.70008500;-77.33758200
84033;131;-8.72840000;-77.34790000
84032 MIGUEL EUSEBIO VIDAL CASTILLO;132;-8.87633000;-77.41362000
84031;133;-8.86380000;-77.42540000
84030;134;-8.80900000;-77.46420000
84027 MANUEL VIDAL PAREDES;135;-8.80888700;-77.43090800
84029;136;-8.81000000;-77.44130000
84026;137;-8.80796765;-77.47163036
84024 JUAN ALVARO VILLACHICA CORDOVA;138;-8.62124506;-77.48417107
84023;139;-8.60598500;-77.37089700
84020;140;-8.60083849;-77.32450475
84022;141;-8.58803775;-77.33392974
84019 ALFONSO PONTE GONZALES;142;-8.69401990;-77.43194766
84017;143;-8.68600000;-77.28590000
84018;144;-8.68119500;-77.41087200
84016 LEONCIO ASUNCION ROCA PONTE;145;-8.69900000;-77.39710000
84015;146;-8.87127000;-77.43650800
84001 ROSENDA SANCHEZ;147;-8.82117000;-77.45604000
84004 ROSENDO VIA BUIZA;148;-8.74289764;-77.50024772
84005;149;-8.79273000;-77.43483000
84006;150;-8.84290000;-77.44600000
84007;151;-8.83275000;-77.44829000
84008 SANTISIMA TRINIDAD;152;-8.82133300;-77.48292500
84009;153;-8.70630000;-77.45150000
84011;154;-8.82281000;-77.46275000
84012 MACARIO BAZAN CAMPOMANES;155;-8.79000721;-77.51841363
84013 NEVADO DE JANCAPAMPA;156;-8.84936560;-77.52173993
84014;157;-8.85030000;-77.43760000
84036;158;-8.70373200;-77.40842300
POMABAMBA;160;-8.82270000;-77.46272000
ZACARIAS MORENO JIMENES;161;-8.82085778;-77.48294489
VIRGEN DEL SOCORRO;162;-8.81795000;-77.46278000
MONSEÑOR FIDEL OLIVAS ESCUDERO;163;-8.82039000;-77.45656000
LUIS TARAZONA NEGREIROS;165;-8.69487000;-77.43239000
JOSE MARIA ARGUEDAS;166;-8.87220000;-77.43630000
EFRAIN ROCA GAMBINI;169;-8.850482;-77.437748
EUGENIO MORENO ALVAREZ;168;-8.79038449;-77.51794015
HORACIO GONZALES ESCUDERO;167;-8.697293;-77.398795
261;33;-8.706;-77.452
LAS OVEJITAS;170;-8.76877;-77.51202
LOS VALIENTES;171;-8.85576;-77.5323
LAS PALOMITAS;172;-8.90415;-77.44964
LOS PICAFLORES;173;-8.80124;-77.55532
LOS LIRIOS;174;-8.83187125;-77.46849418
LAS FRUTAS;175;-8.80052;-77.4983
LAS MARIPOSITAS;176;-8.65976698;-77.41756976
LOS NEVADOS DE CRUZ JIRCA;177;-8.79978934;-77.51470327
LOS NAVEGADORES;178;-8.90735662;-77.48844713
LOS NEVADOS;179;-8.83709;-77.5056
DIVINO NIÑO;180;-8.70803753;-77.32173175
CAPULLITOS DEL SABER;181;-8.81154738;-77.46502876
SEMILLITAS DEL MAÑANA;182;-8.77268294;-77.50815868
PEQUEÑOS GENIOS;183;-8.59044696;-77.36533105
LOS POLLITOS;184;-8.87623;-77.41301
LOS ARBOLITOS;185;-8.81513;-77.47129
LOS TIGRES;186;-8.61480747;-77.375907
LOS CONEJITOS;187;-8.70112;-77.42789
LOS CLAVELES;188;-8.6948146;-77.38146186
LOS CRISTALES;189;-8.60981754;-77.46239483
LOS OSITOS;190;-8.66223;-77.39709
EL AMANECER;191;-8.63905186;-77.3952055
LAS MAGNOLIAS;192;-8.67218171;-77.41385222
LOS CREATIVOS;193;-8.6893262;-77.43704259
LOS EMPRENDEDORES;194;-8.74548;-77.54082
LOS JILGUEROS;195;-8.66526;-77.38639
LAS SEMILLITAS;196;-8.74608885;-77.36489654